-4.258930909870929649e-09 -3.230939830860892647e-09 3.321431487975806153e-08
-1.168161209013111532e-09 2.639662689523644213e-09 2.589332370388317418e-08
-2.218161912313646247e-09 1.017023934435834411e-08 1.715170815601687118e-08
1.083804948037888054e-07 -8.303051748555776487e-09 1.053777054387840251e-07
8.749791326377533325e-08 3.752429656457467104e-08 7.531073170860829065e-08
6.273338557582033327e-08 5.826916227670415308e-08 4.151499795803791255e-08
8.572830274951082076e-07 1.010190219403453091e-08 -1.451884161222233554e-06
2.997343060623263790e-07 2.399227562809911485e-07 -7.078411193363093497e-07
2.353222182701959310e-07 1.842931498004856338e-07 -3.788106120550076283e-07
2.869419327630566563e-05 -1.587476793831227604e-05 3.827292559258237202e-05
1.144567745548749670e-06 4.014823601567216077e-06 -3.368401167995319946e-06
2.881153079213491465e-06 8.802911356132963141e-07 3.036524005302896657e-06
-3.704236351516419345e-07 -2.773630663069083542e-07 2.328096382520788467e-07
-3.587233518915133521e-07 1.000559724102168888e-07 2.811222173131804405e-08
-1.136894278316814746e-07 8.093170170076533950e-08 1.263301201761277484e-08
